alsa_card.pci-0000:00:1f.3:input:analog-input-mic mute:0 volumes:2,0.100019,0.100019
alsa_card.pci-0000:00:1f.3:output:analog-output-speaker mute:1 volumes:2,0.298538,0.298538
